971001122351,Cashier 011,JAKETEST,jakearguelles@gmail.com,2900150123,00252551
971001122352,Cashier 011,JAKETEST,jakearguelles@gmail.com,2900150123,00252552
971001122344,Cashier 011,JAKETEST,jakearguelles@gmail.com,2900150123,00252542
971001122345,Cashier 011,JAKETEST,jakearguelles@gmail.com,2900150123,00252543
971001122346,Cashier 011,JAKETEST,jakearguelles@gmail.com,2900150123,00252544
971001122347,Cashier 011,JAKETEST,jakearguelles@gmail.com,2900150123,00252545